5
5
5
1 2 0 1
1.2 2 1 2
1.4 2 2 3
0.8 2 3 4
0.6 2 4 0
6
7
1 2 0 1
1 2 0 2
1 2 1 2
1 3 1 3 5
1 3 2 4 5
1 3 3 4 5
1 2 3 4
10
10
1 2 0 1
1.2 2 1 2
1.4 2 2 3
0.8 2 3 4
0.6 2 4 0
2 4 5 0 1 2
3 4 6 8 1 3
2.2 4 9 2 1 0
2.5 4 7 6 4 0
2 4 0 2 6 8
12
10
1 4 0 1 9 3
1 2 3 4
1 4 0 1 2 7
1 2 7 8
1 4 10 11 0 1
1 4 10 1 10 3
1 2 3 11
1 4 5 3 2 7
1 2 6 8
1 4 8 9 10 1
16
15
1 5 0 1 9 3 13
1 3 3 4 12
1 4 0 1 2 7
1 3 7 8 13
1 4 10 11 0 1
1 5 10 1 10 3 12
1 3 3 11 15
1 5 5 3 2 7 13
1 3 6 8 14
1 5 8 9 10 1 14
1 4 10 1 10 3
1 3 3 11 15
1 4 5 3 2 7
1 3 6 8 12
1 5 8 9 10 1 15
